0.000000000000000000e+00 0.000000000000000000e+00 0.000000000000000000e+00
2.511644500000000005e-04 2.215233759999999882e-04 2.909727080000000087e-04
8.765394740000000216e-04 7.631332589999999813e-04 1.046895599999999931e-03
1.826299109999999972e-03 1.571433620000000026e-03 2.243155049999999949e-03
3.079708579999999862e-03 2.621876889999999894e-03 3.881572490000000011e-03
4.624259910000000189e-03 3.898584999999999984e-03 5.970860990000000090e-03
6.451359920000000053e-03 5.389987070000000317e-03 8.523039070000000203e-03
8.554653239999999645e-03 7.087076470000000170e-03 1.155214260000000069e-02
1.092920089999999990e-02 8.982537889999999553e-03 1.507364089999999913e-02
1.357101990000000001e-02 1.107024879999999982e-02 1.910413539999999966e-02
1.647680099999999925e-02 1.334496880000000073e-02 2.366119209999999889e-02
1.964372400000000130e-02 1.580213299999999946e-02 2.876324530000000032e-02
2.306933909999999907e-02 1.843769439999999940e-02 3.442964510000000311e-02
2.675145849999999853e-02 2.124804380000000145e-02 4.067617889999999847e-02
3.068808669999999877e-02 2.422993550000000079e-02 4.709097660000000074e-02
3.487738359999999899e-02 2.738040560000000109e-02 5.350260030000000139e-02
3.931761610000000101e-02 3.069673560000000037e-02 5.991690069999999757e-02
4.386160540000000330e-02 3.417641589999999979e-02 6.633896229999999838e-02
4.834012349999999847e-02 3.781710020000000200e-02 7.277334089999999700e-02
5.276660440000000007e-02 4.158743830000000141e-02 7.922426770000000340e-02
5.714418920000000068e-02 4.531221190000000315e-02 8.569501449999999965e-02
6.147563749999999938e-02 4.898794570000000043e-02 9.218880200000000025e-02
6.576336119999999508e-02 5.261754259999999739e-02 9.870856390000000424e-02
7.000949850000000307e-02 5.620353919999999948e-02 1.052573309999999956e-01
7.421590109999999518e-02 5.974828010000000217e-02 1.118375989999999959e-01
7.838417629999999692e-02 6.325394460000000052e-02 1.184513999999999984e-01
8.251575310000000552e-02 6.672246669999999658e-02 1.251008839999999955e-01
8.661192180000000518e-02 7.015548159999999978e-02 1.317887379999999886e-01
9.067374910000000621e-02 7.355468229999999330e-02 1.385164919999999911e-01
9.470217240000000647e-02 7.692160300000000506e-02 1.452857280000000029e-01
9.869803909999999569e-02 8.025750289999999953e-02 1.520987619999999985e-01
1.026620419999999950e-01 8.356366640000000012e-02 1.589571939999999961e-01
1.065947460000000041e-01 8.684138719999999478e-02 1.658620570000000072e-01
1.104966730000000036e-01 9.009157569999999560e-02 1.728158700000000103e-01
1.143681839999999977e-01 9.331539760000000239e-02 1.798194529999999902e-01
1.182095719999999989e-01 9.651383719999999389e-02 1.868741800000000008e-01
1.220210639999999985e-01 9.968764770000000663e-02 1.939822860000000038e-01
1.258027489999999915e-01 1.028379710000000002e-01 2.011437450000000127e-01
1.295546989999999954e-01 1.059652719999999992e-01 2.083617339999999929e-01
1.332768370000000091e-01 1.090707419999999983e-01 2.156355080000000035e-01
1.369690610000000031e-01 1.121547640000000040e-01 2.229682580000000025e-01
1.406311510000000098e-01 1.152184769999999997e-01 2.303591769999999983e-01
1.442628260000000107e-01 1.182621739999999977e-01 2.378116090000000071e-01
1.478637200000000040e-01 1.212869580000000003e-01 2.453246910000000114e-01
1.514333790000000068e-01 1.242932769999999937e-01 2.529007959999999833e-01
1.549712669999999959e-01 1.272819149999999955e-01 2.605405299999999924e-01
1.584767790000000121e-01 1.302537069999999964e-01 2.682442150000000081e-01
1.619491670000000050e-01 1.332090310000000055e-01 2.760144629999999877e-01
1.653876509999999966e-01 1.361488610000000099e-01 2.838508790000000004e-01
1.687913339999999873e-01 1.390739569999999981e-01 2.917541889999999971e-01
1.721591939999999876e-01 1.419849800000000106e-01 2.997256699999999996e-01
1.754900859999999896e-01 1.448826000000000003e-01 3.077666410000000075e-01
1.787828120000000132e-01 1.477678189999999947e-01 3.158768479999999879e-01
1.820360129999999965e-01 1.506414839999999922e-01 3.240569449999999851e-01
1.852482020000000007e-01 1.535044959999999903e-01 3.323074899999999832e-01
1.884177459999999971e-01 1.563578150000000111e-01 3.406289259999999985e-01
1.915428630000000076e-01 1.592024740000000105e-01 3.490215669999999770e-01
1.946216119999999994e-01 1.620395839999999865e-01 3.574855749999999999e-01
1.976518760000000041e-01 1.648703519999999978e-01 3.660209389999999896e-01
2.006313570000000102e-01 1.676960909999999916e-01 3.746274490000000013e-01
2.035575579999999996e-01 1.705182329999999913e-01 3.833046620000000182e-01
2.064277690000000109e-01 1.733383460000000043e-01 3.920518800000000192e-01
2.092390560000000066e-01 1.761581469999999872e-01 4.008681009999999767e-01
2.119880429999999871e-01 1.789792390000000122e-01 4.097535660000000135e-01
2.146713349999999909e-01 1.818038190000000054e-01 4.187059209999999809e-01
2.172852660000000047e-01 1.846342689999999898e-01 4.277225119999999992e-01
2.198253629999999958e-01 1.874726019999999882e-01 4.368035590000000079e-01
2.222875009999999985e-01 1.903219270000000019e-01 4.459440519999999797e-01
2.246664539999999877e-01 1.931848150000000097e-01 4.551430379999999998e-01
2.269573129999999939e-01 1.960648839999999948e-01 4.643946339999999728e-01
2.291538870000000006e-01 1.989652960000000137e-01 4.736968939999999795e-01
2.312501809999999991e-01 2.018901889999999977e-01 4.830434319999999948e-01
2.332394809999999985e-01 2.048438840000000039e-01 4.924281799999999931e-01
2.351144310000000126e-01 2.078310509999999889e-01 5.018445230000000423e-01
2.368671129999999903e-01 2.108568329999999935e-01 5.112846199999999675e-01
2.384890440000000111e-01 2.139268669999999928e-01 5.207392480000000434e-01
2.399711770000000077e-01 2.170473019999999975e-01 5.301976499999999648e-01
2.413039240000000030e-01 2.202248039999999962e-01 5.396473819999999533e-01
2.424768250000000069e-01 2.234664419999999874e-01 5.490751430000000433e-01
2.434789490000000001e-01 2.267798189999999936e-01 5.584654599999999691e-01
2.442994880000000091e-01 2.301731120000000130e-01 5.677994459999999854e-01
2.449263399999999924e-01 2.336546349999999994e-01 5.770584819999999837e-01
2.453479520000000080e-01 2.372331109999999965e-01 5.862200680000000386e-01
2.455528539999999871e-01 2.409173169999999919e-01 5.952597090000000257e-01
2.455297090000000126e-01 2.447158630000000057e-01 6.041514070000000292e-01
2.452680620000000089e-01 2.486369720000000116e-01 6.128671690000000449e-01
2.447587860000000060e-01 2.526881340000000087e-01 6.213775000000000270e-01
2.439945460000000066e-01 2.568757289999999971e-01 6.296520930000000238e-01
2.429702609999999929e-01 2.612046339999999911e-01 6.376606889999999472e-01
2.416830020000000079e-01 2.656779209999999836e-01 6.453745229999999777e-01
2.401339329999999939e-01 2.702963660000000101e-01 6.527659209999999712e-01
2.383269179999999987e-01 2.750583930000000121e-01 6.598109859999999882e-01
2.362692909999999924e-01 2.799599170000000026e-01 6.664898820000000335e-01
2.339718640000000016e-01 2.849943759999999937e-01 6.727876240000000285e-01
2.314482200000000101e-01 2.901530190000000120e-01 6.786948419999999649e-01
2.287144299999999963e-01 2.954252410000000051e-01 6.842078430000000377e-01
2.257885360000000119e-01 3.007990159999999746e-01 6.893284619999999752e-01
2.226894030000000080e-01 3.062615309999999758e-01 6.940637139999999983e-01
2.194373000000000018e-01 3.117994040000000022e-01 6.984248960000000173e-01
2.160514080000000003e-01 3.173996159999999955e-01 7.024270320000000067e-01
2.125513870000000083e-01 3.230494019999999855e-01 7.060877549999999836e-01
2.089564050000000117e-01 3.287366950000000232e-01 7.094266310000000297e-01
2.052837899999999938e-01 3.344506190000000045e-01 7.124642979999999959e-01
2.015504469999999937e-01 3.401812169999999802e-01 7.152218609999999588e-01
1.977722249999999959e-01 3.459196489999999957e-01 7.177203760000000488e-01
1.939639079999999904e-01 3.516581979999999774e-01 7.199804319999999480e-01
1.901392729999999975e-01 3.573902290000000037e-01 7.220218499999999651e-01
1.863111679999999992e-01 3.631101190000000090e-01 7.238634699999999533e-01
1.824925000000000019e-01 3.688129660000000198e-01 7.255232740000000513e-01
1.786945829999999902e-01 3.744949289999999764e-01 7.270178590000000440e-01
1.749277019999999905e-01 3.801530100000000134e-01 7.283624730000000103e-01
1.712041149999999901e-01 3.857843020000000234e-01 7.295719619999999628e-01
1.675325629999999955e-01 3.913872030000000168e-01 7.306590309999999588e-01
1.639248199999999989e-01 3.969598559999999998e-01 7.316364090000000431e-01
1.603893220000000008e-01 4.025015330000000224e-01 7.325147079999999589e-01
1.569373119999999955e-01 4.080112329999999732e-01 7.333046349999999824e-01
1.535782910000000057e-01 4.134886329999999943e-01 7.340153990000000128e-01
1.503218100000000002e-01 4.189336490000000190e-01 7.346553989999999867e-01
1.471779980000000043e-01 4.243463009999999813e-01 7.352324919999999597e-01
1.441569890000000131e-01 4.297268009999999916e-01 7.357538409999999640e-01
1.412693449999999906e-01 4.350754350000000104e-01 7.362261420000000278e-01
1.385245700000000135e-01 4.403928189999999909e-01 7.366550649999999978e-01
1.359327479999999921e-01 4.456795510000000071e-01 7.370460030000000051e-01
1.335038610000000014e-01 4.509363120000000058e-01 7.374038520000000263e-01
1.312477170000000137e-01 4.561638499999999818e-01 7.377330619999999950e-01
1.291738639999999994e-01 4.613629619999999876e-01 7.380376730000000052e-01
1.272916279999999900e-01 4.665344630000000103e-01 7.383214169999999799e-01
1.256098280000000067e-01 4.716791989999999934e-01 7.385876749999999991e-01
1.241363469999999941e-01 4.767980920000000067e-01 7.388393549999999754e-01
1.228785480000000041e-01 4.818920369999999953e-01 7.390791789999999750e-01
1.218429480000000065e-01 4.869619359999999841e-01 7.393096089999999787e-01
1.210350969999999943e-01 4.920086839999999739e-01 7.395328700000000088e-01
1.204597300000000010e-01 4.970331310000000169e-01 7.397511049999999644e-01
1.201201259999999937e-01 5.020361660000000059e-01 7.399661100000000102e-01
1.200180960000000047e-01 5.070187019999999878e-01 7.401793639999999508e-01
1.201544830000000064e-01 5.119815930000000126e-01 7.403923190000000210e-01
1.205291339999999961e-01 5.169256309999999965e-01 7.406064220000000420e-01
1.211402250000000042e-01 5.218516619999999939e-01 7.408227299999999849e-01
1.219847839999999989e-01 5.267605069999999889e-01 7.410421670000000294e-01
1.230590210000000045e-01 5.316529239999999712e-01 7.412656840000000358e-01
1.243581160000000047e-01 5.365296539999999670e-01 7.414940890000000229e-01
1.258761589999999875e-01 5.413914589999999638e-01 7.417279159999999871e-01
1.276068009999999919e-01 5.462390320000000132e-01 7.419677639999999741e-01
1.295430969999999959e-01 5.510730449999999836e-01 7.422141159999999793e-01
1.316775709999999933e-01 5.558941680000000218e-01 7.424672719999999559e-01
1.340026089999999948e-01 5.607030189999999692e-01 7.427275429999999901e-01
1.365104109999999982e-01 5.655002030000000346e-01 7.429951160000000110e-01
1.391931959999999913e-01 5.702862869999999473e-01 7.432701280000000299e-01
1.420432739999999971e-01 5.750618149999999762e-01 7.435526329999999628e-01
1.450531140000000108e-01 5.798273090000000130e-01 7.438425840000000289e-01
1.482155769999999873e-01 5.845832359999999506e-01 7.441399829999999493e-01
1.515237610000000068e-01 5.893300559999999910e-01 7.444446679999999761e-01
1.549711390000000077e-01 5.940682029999999614e-01 7.447563910000000176e-01
1.585517889999999985e-01 5.987980389999999487e-01 7.450750390000000500e-01
1.622601349999999998e-01 6.035199220000000420e-01 7.454003270000000292e-01
1.660909650000000071e-01 6.082342069999999712e-01 7.457317310000000088e-01
1.700398650000000123e-01 6.129411390000000237e-01 7.460690909999999620e-01
1.741027749999999874e-01 6.176409640000000145e-01 7.464120109999999864e-01
1.782760750000000061e-01 6.223339100000000457e-01 7.467599320000000152e-01
1.825567029999999868e-01 6.270201570000000224e-01 7.471123100000000017e-01
1.869422109999999970e-01 6.316998019999999769e-01 7.474687920000000485e-01
1.914305570000000012e-01 6.363729310000000305e-01 7.478288330000000261e-01
1.960201850000000134e-01 6.410395829999999684e-01 7.481918600000000419e-01
2.007099980000000006e-01 6.456997589999999843e-01 7.485571930000000096e-01
2.054993920000000029e-01 6.503534090000000489e-01 7.489241460000000128e-01
2.103882920000000045e-01 6.550003939999999858e-01 7.492922379999999993e-01
2.153770269999999987e-01 6.596405429999999681e-01 7.496608209999999772e-01
2.204663809999999891e-01 6.642736219999999525e-01 7.500292400000000415e-01
2.256575859999999933e-01 6.688993359999999555e-01 7.503968410000000366e-01
2.309523189999999893e-01 6.735173150000000053e-01 7.507629759999999708e-01
2.363526999999999989e-01 6.781271169999999460e-01 7.511270150000000090e-01
2.418612870000000081e-01 6.827282190000000250e-01 7.514883540000000250e-01
2.474810769999999938e-01 6.873200120000000357e-01 7.518464299999999545e-01
2.532155329999999926e-01 6.919018260000000531e-01 7.522003990000000195e-01
2.590685520000000075e-01 6.964728449999999516e-01 7.525499070000000179e-01
2.650444470000000163e-01 7.010321440000000237e-01 7.528946970000000016e-01
2.711479689999999887e-01 7.055786969999999769e-01 7.532345099999999682e-01
2.773845589999999750e-01 7.101114200000000487e-01 7.535682590000000181e-01
2.837597099999999983e-01 7.146289580000000363e-01 7.538967130000000516e-01
2.902797599999999978e-01 7.191299230000000042e-01 7.542192859999999888e-01
2.969511959999999728e-01 7.236127030000000238e-01 7.545365750000000427e-01
3.037813600000000003e-01 7.280755679999999508e-01 7.548483639999999939e-01
3.107774939999999875e-01 7.325165460000000461e-01 7.551559679999999553e-01
3.179476010000000241e-01 7.369335120000000128e-01 7.554601760000000388e-01
3.253002959999999888e-01 7.413241320000000245e-01 7.557618350000000484e-01
3.328439690000000173e-01 7.456858320000000484e-01 7.560632080000000421e-01
3.405874729999999739e-01 7.500158270000000238e-01 7.563666420000000334e-01
3.485397499999999815e-01 7.543111099999999514e-01 7.566751579999999588e-01
3.567100579999999965e-01 7.585684350000000409e-01 7.569920949999999760e-01
3.651067599999999747e-01 7.627843650000000197e-01 7.573224610000000023e-01
3.737376330000000135e-01 7.669552979999999520e-01 7.576722160000000095e-01
3.826105630000000146e-01 7.710774360000000049e-01 7.580474489999999843e-01
3.917304409999999848e-01 7.751470209999999916e-01 7.584571460000000265e-01
4.011020430000000192e-01 7.791601980000000260e-01 7.589100530000000289e-01
4.107261480000000131e-01 7.831133900000000203e-01 7.594177269999999869e-01
4.206009680000000195e-01 7.870032980000000178e-01 7.599926740000000347e-01
4.307209160000000092e-01 7.908271329999999599e-01 7.606487979999999594e-01
4.410759490000000227e-01 7.945828400000000125e-01 7.614012270000000138e-01
4.516512229999999906e-01 7.982693010000000422e-01 7.622658970000000256e-01
4.624270240000000198e-01 8.018865229999999622e-01 7.632589939999999684e-01
4.733790700000000129e-01 8.054357619999999995e-01 7.643962709999999605e-01
4.844791219999999843e-01 8.089195949999999913e-01 7.656923570000000456e-01
4.956959969999999993e-01 8.123418749999999910e-01 7.671600450000000126e-01
5.069971639999999447e-01 8.157075520000000024e-01 7.688095679999999987e-01
5.183500340000000151e-01 8.190224619999999511e-01 7.706482540000000325e-01
5.297233329999999629e-01 8.222930539999999677e-01 7.726803429999999917e-01
5.410882900000000273e-01 8.255260810000000227e-01 7.749070249999999715e-01
5.524195280000000485e-01 8.287283119999999670e-01 7.773266810000000193e-01
5.636955959999999655e-01 8.319062790000000263e-01 7.799352739999999562e-01
5.748991700000000149e-01 8.350660880000000397e-01 7.827268290000000128e-01
5.860154020000000186e-01 8.382136439999999800e-01 7.856942799999999671e-01
5.970351649999999788e-01 8.413538000000000405e-01 7.888290629999999970e-01
6.079498140000000328e-01 8.444914319999999863e-01 7.921226369999999628e-01
6.187556619999999841e-01 8.476303149999999675e-01 7.955657200000000318e-01
6.294497100000000511e-01 8.507740529999999746e-01 7.991493440000000392e-01
6.400308209999999720e-01 8.539257559999999803e-01 8.028646820000000517e-01
6.504993690000000495e-01 8.570880829999999451e-01 8.067031959999999557e-01
6.608569090000000479e-01 8.602632959999999551e-01 8.106567230000000235e-01
6.711058920000000372e-01 8.634533060000000315e-01 8.147175389999999906e-01
6.812487649999999784e-01 8.666599109999999495e-01 8.188784420000000397e-01
6.912882169999999826e-01 8.698847290000000232e-01 8.231326890000000285e-01
7.012286789999999659e-01 8.731287650000000289e-01 8.274738799999999950e-01
7.110726000000000546e-01 8.763934719999999512e-01 8.318961999999999746e-01
7.208241090000000462e-01 8.796797039999999512e-01 8.363941379999999537e-01
7.304870780000000119e-01 8.829882719999999630e-01 8.409625920000000088e-01
7.400648420000000005e-01 8.863200439999999736e-01 8.455968400000000162e-01
7.495603269999999707e-01 8.896759199999999534e-01 8.502924769999999910e-01
7.589774940000000303e-01 8.930563860000000354e-01 8.550453829999999922e-01
7.683196150000000113e-01 8.964620490000000386e-01 8.598517230000000122e-01
7.775898300000000374e-01 8.998934790000000516e-01 8.647079149999999936e-01
7.867911709999999559e-01 9.033511990000000491e-01 8.696106030000000375e-01
7.959261460000000010e-01 9.068358399999999486e-01 8.745566259999999481e-01
8.049977680000000024e-01 9.103477960000000424e-01 8.795430229999999794e-01
8.140087700000000481e-01 9.138874909999999963e-01 8.845669959999999943e-01
8.229616619999999827e-01 9.174553659999999944e-01 8.896258980000000260e-01
8.318584989999999735e-01 9.210519689999999704e-01 8.947172009999999620e-01
8.407012240000000247e-01 9.246778359999999752e-01 8.998384910000000181e-01
8.494924419999999587e-01 9.283332319999999527e-01 9.049874930000000317e-01
8.582335389999999897e-01 9.320188050000000057e-01 9.101619690000000151e-01
8.669263480000000133e-01 9.357350140000000316e-01 9.153597810000000390e-01
8.755726590000000309e-01 9.394822969999999662e-01 9.205788580000000554e-01
8.841733830000000349e-01 9.432613829999999533e-01 9.258171320000000426e-01
8.927303269999999902e-01 9.470726489999999886e-01 9.310726249999999871e-01
9.012439589999999834e-01 9.509169419999999873e-01 9.363433060000000419e-01
9.097156259999999994e-01 9.547947679999999604e-01 9.416272049999999671e-01
9.181455939999999538e-01 9.587070220000000198e-01 9.469222790000000334e-01
9.265344199999999697e-01 9.626544820000000335e-01 9.522264790000000145e-01
9.348821659999999589e-01 9.666381050000000252e-01 9.575376829999999728e-01
9.431883370000000433e-01 9.706590649999999876e-01 9.628536789999999623e-01
9.514524399999999549e-01 9.747185400000000222e-01 9.681721739999999965e-01
9.596728660000000133e-01 9.788181459999999445e-01 9.734907369999999949e-01
9.678476129999999955e-01 9.829596659999999542e-01 9.788068500000000061e-01
9.759735290000000063e-01 9.871453439999999802e-01 9.841179370000000537e-01
9.840457790000000093e-01 9.913780800000000504e-01 9.894215370000000176e-01
9.920578009999999614e-01 9.956614240000000171e-01 9.947157170000000548e-01
1.000000000000000000e+00 1.000000000000000000e+00 1.000000000000000000e+00
