5.641824650000000219e-01 9.383938659999999654e-01 9.537377700000000402e-01
5.537081109999999473e-01 9.293262030000000173e-01 9.504640429999999807e-01
5.432151629999999454e-01 9.203139169999999813e-01 9.472452879999999631e-01
5.327022129999999800e-01 9.113552480000000067e-01 9.440834799999999749e-01
5.221650580000000152e-01 9.024479859999999798e-01 9.409897390000000472e-01
5.116045989999999932e-01 8.935906289999999697e-01 9.379585580000000533e-01
5.010200700000000396e-01 8.847813780000000072e-01 9.349902890000000300e-01
4.904067229999999888e-01 8.760178220000000016e-01 9.320976549999999694e-01
4.797672840000000161e-01 8.672985749999999605e-01 9.292703620000000164e-01
4.690984890000000074e-01 8.586213449999999803e-01 9.265166969999999447e-01
4.583996810000000033e-01 8.499841649999999582e-01 9.238370830000000034e-01
4.476711349999999978e-01 8.413851589999999936e-01 9.212293900000000368e-01
4.369094889999999842e-01 8.328218509999999464e-01 9.187023560000000533e-01
4.261174540000000066e-01 8.242926320000000251e-01 9.162471009999999527e-01
4.152904849999999870e-01 8.157946980000000403e-01 9.138762089999999949e-01
4.044322180000000100e-01 8.073264850000000381e-01 9.115786820000000290e-01
3.935387180000000096e-01 7.988850950000000450e-01 9.093660249999999667e-01
3.826128870000000126e-01 7.904687179999999591e-01 9.072302009999999584e-01
3.716533960000000247e-01 7.820746889999999896e-01 9.051762199999999758e-01
3.606607310000000122e-01 7.737005380000000487e-01 9.032045730000000106e-01
3.496378339999999807e-01 7.653441989999999473e-01 9.013091450000000338e-01
3.385825319999999916e-01 7.570022770000000012e-01 8.995010409999999457e-01
3.274997290000000172e-01 7.486727760000000398e-01 8.977709179999999733e-01
3.163922710000000027e-01 7.403530400000000178e-01 8.961176290000000266e-01
3.052618799999999855e-01 7.320396900000000207e-01 8.945470309999999925e-01
2.941142889999999732e-01 7.237300429999999896e-01 8.930550489999999897e-01
2.829563649999999875e-01 7.154213249999999968e-01 8.916377290000000455e-01
2.717958650000000254e-01 7.071103850000000079e-01 8.902938590000000207e-01
2.606428009999999795e-01 6.987939530000000232e-01 8.890217599999999942e-01
2.495099139999999993e-01 6.904685640000000069e-01 8.878198529999999922e-01
2.384135510000000013e-01 6.821305699999999916e-01 8.866862720000000531e-01
2.273749750000000069e-01 6.737766899999999559e-01 8.856143800000000343e-01
2.164204339999999949e-01 6.654032010000000552e-01 8.845996099999999807e-01
2.055830680000000077e-01 6.570062679999999489e-01 8.836363769999999729e-01
1.949048469999999922e-01 6.485816410000000420e-01 8.827199550000000006e-01
1.844388329999999965e-01 6.401250840000000109e-01 8.818431939999999969e-01
1.742509250000000010e-01 6.316326709999999789e-01 8.809948979999999708e-01
1.644229359999999918e-01 6.231002359999999740e-01 8.801634510000000411e-01
1.550552669999999966e-01 6.145236299999999874e-01 8.793350580000000027e-01
1.462774049999999992e-01 6.058964340000000393e-01 8.785047409999999779e-01
1.382306189999999990e-01 5.972163489999999797e-01 8.776438600000000534e-01
1.310909939999999885e-01 5.884775690000000337e-01 8.767384310000000402e-01
1.250437279999999929e-01 5.796768869999999740e-01 8.757595609999999642e-01
1.202961990000000064e-01 5.708086199999999888e-01 8.746852889999999769e-01
1.170279750000000063e-01 5.618709979999999549e-01 8.734749769999999858e-01
1.153974940000000032e-01 5.528608569999999833e-01 8.720903239999999723e-01
1.155061849999999973e-01 5.437762980000000468e-01 8.704847719999999622e-01
1.173784070000000040e-01 5.346172630000000092e-01 8.686022890000000274e-01
1.209532950000000023e-01 5.253862440000000023e-01 8.663763389999999953e-01
1.260908420000000085e-01 5.160891079999999631e-01 8.637293249999999922e-01
1.325897600000000010e-01 5.067358789999999447e-01 8.605730320000000155e-01
1.402308210000000055e-01 4.973388550000000241e-01 8.568136109999999750e-01
1.487307730000000106e-01 4.879213649999999958e-01 8.523422059999999911e-01
1.578258459999999919e-01 4.785095600000000005e-01 8.470544559999999557e-01
1.672384650000000028e-01 4.691374139999999748e-01 8.408514879999999803e-01
1.766921690000000100e-01 4.598444280000000273e-01 8.336541640000000308e-01
1.859318189999999982e-01 4.506714190000000175e-01 8.254162170000000076e-01
1.947318020000000094e-01 4.416569770000000061e-01 8.161334329999999637e-01
2.029104389999999980e-01 4.328329989999999960e-01 8.058466050000000491e-01
2.103395560000000108e-01 4.242214360000000073e-01 7.946359419999999840e-01
2.169455710000000037e-01 4.158331940000000171e-01 7.826090810000000397e-01
2.226948470000000013e-01 4.076698420000000045e-01 7.698909459999999649e-01
2.276087450000000012e-01 3.997232299999999849e-01 7.565996210000000000e-01
2.317126290000000033e-01 3.919818500000000205e-01 7.428560020000000153e-01
2.350654319999999908e-01 3.844295320000000182e-01 7.287578160000000027e-01
2.377208010000000094e-01 3.770498890000000269e-01 7.143958599999999937e-01
2.397354539999999867e-01 3.698262999999999967e-01 6.998467040000000416e-01
2.411658929999999923e-01 3.627427229999999891e-01 6.851732080000000336e-01
2.420662409999999876e-01 3.557841930000000263e-01 6.704258490000000181e-01
2.424869540000000045e-01 3.489370620000000200e-01 6.556444259999999469e-01
2.424738140000000097e-01 3.421890699999999841e-01 6.408603189999999561e-01
2.420558720000000053e-01 3.355291759999999845e-01 6.261148970000000036e-01
2.412818760000000062e-01 3.289475399999999827e-01 6.114123569999999619e-01
2.401701639999999915e-01 3.224351400000000090e-01 5.967895739999999893e-01
2.387577590000000138e-01 3.159842569999999906e-01 5.822476549999999751e-01
2.370679320000000090e-01 3.095878389999999758e-01 5.678002519999999498e-01
2.351186680000000029e-01 3.032393449999999935e-01 5.534638240000000486e-01
2.329314190000000007e-01 2.969331270000000189e-01 5.392430120000000215e-01
2.305247659999999921e-01 2.906641039999999787e-01 5.251417120000000383e-01
2.279139940000000086e-01 2.844275920000000069e-01 5.111650859999999907e-01
2.251129570000000024e-01 2.782193359999999838e-01 4.973168190000000211e-01
2.221342079999999997e-01 2.720354540000000099e-01 4.835993610000000054e-01
2.189891059999999889e-01 2.658723889999999868e-01 4.700141389999999975e-01
2.156879260000000020e-01 2.597268660000000007e-01 4.565617310000000262e-01
2.122375579999999928e-01 2.535955420000000071e-01 4.432479369999999808e-01
2.086479089999999925e-01 2.474757439999999975e-01 4.300687269999999840e-01
2.049271950000000064e-01 2.413648939999999965e-01 4.170214119999999802e-01
2.010822879999999979e-01 2.352604899999999888e-01 4.041043029999999980e-01
1.971164240000000123e-01 2.291596810000000040e-01 3.913235560000000168e-01
1.930366169999999937e-01 2.230603630000000115e-01 3.786733560000000165e-01
1.888492840000000061e-01 2.169605420000000062e-01 3.661472599999999744e-01
1.845548489999999930e-01 2.108573480000000000e-01 3.537545369999999800e-01
1.801604480000000008e-01 2.047491720000000071e-01 3.414833210000000063e-01
1.756681160000000130e-01 1.986336220000000097e-01 3.293352210000000113e-01
1.710804459999999971e-01 1.925084659999999892e-01 3.173089179999999954e-01
1.664010700000000120e-01 1.863717400000000080e-01 3.053983279999999967e-01
1.616307050000000134e-01 1.802209479999999919e-01 2.936053960000000185e-01
1.567723669999999958e-01 1.740540750000000025e-01 2.819232079999999807e-01
1.518268600000000079e-01 1.678686650000000002e-01 2.703508319999999854e-01
1.467949630000000005e-01 1.616622319999999891e-01 2.588862060000000076e-01
1.416789509999999974e-01 1.554325910000000088e-01 2.475204639999999956e-01
1.364762109999999862e-01 1.491764180000000051e-01 2.362609609999999916e-01
1.311896710000000077e-01 1.428915530000000045e-01 2.250933830000000080e-01
1.258177229999999924e-01 1.365747119999999870e-01 2.140184220000000137e-01
1.203588679999999939e-01 1.302224969999999926e-01 2.030349039999999883e-01
1.148133989999999965e-01 1.238317740000000056e-01 1.921327869999999993e-01
1.091789600000000054e-01 1.173985909999999966e-01 1.813102209999999936e-01
1.034523839999999945e-01 1.109185480000000057e-01 1.705664919999999862e-01
9.763232830000000140e-02 1.043874109999999994e-01 1.598907960000000017e-01
9.171527849999999704e-02 9.780006730000000148e-02 1.492780760000000095e-01
8.569628629999999359e-02 9.115061970000000457e-02 1.387258580000000074e-01
7.957054049999999490e-02 8.443269529999999912e-02 1.282269769999999920e-01
7.333265410000000539e-02 7.763915509999999576e-02 1.177716109999999983e-01
6.697539480000000434e-02 7.076162029999999437e-02 1.073518299999999953e-01
6.049008620000000114e-02 6.379038230000000365e-02 9.695854380000000494e-02
5.386558439999999948e-02 5.671388279999999699e-02 8.658435289999999451e-02
4.708980520000000114e-02 4.951877290000000070e-02 7.621388160000000522e-02
4.014274460000000211e-02 4.218877890000000130e-02 6.583166719999999916e-02
3.329895270000000213e-02 3.485005630000000132e-02 5.541961580000000220e-02
2.701891530000000152e-02 2.812578370000000036e-02 4.495511790000000091e-02
2.131929340000000145e-02 2.207428460000000064e-02 3.457585090000000333e-02
1.621881379999999886e-02 1.670391280000000159e-02 2.548966299999999921e-02
1.173902169999999946e-02 1.202614509999999984e-02 1.786523519999999934e-02
7.906250190000000191e-03 8.057019909999999299e-03 1.164415610000000059e-02
4.753509890000000293e-03 4.819266130000000349e-03 6.775753600000000015e-03
2.325702389999999981e-03 2.346969620000000090e-03 3.218859809999999929e-03
6.920241470000000226e-04 6.971300500000000323e-04 9.507890179999999893e-04
1.594714560000000041e-06 7.725423939999999569e-07 1.496980889999999990e-05
8.302429359999999705e-04 6.744525070000000067e-04 6.456184019999999498e-04
3.090336859999999984e-03 2.172711250000000215e-03 2.011288080000000079e-03
6.729205850000000329e-03 4.340849469999999780e-03 3.935994590000000196e-03
1.176132260000000047e-02 7.100503359999999625e-03 6.335172990000000406e-03
1.821635710000000033e-02 1.039879969999999917e-02 9.151924650000000522e-03
2.613059770000000087e-02 1.419575430000000020e-02 1.234374639999999933e-02
3.554406289999999941e-02 1.845908690000000116e-02 1.587696460000000143e-02
4.615690969999999838e-02 2.316158269999999894e-02 1.972387269999999887e-02
5.673921610000000337e-02 2.827957039999999880e-02 2.386106899999999864e-02
6.721934309999999524e-02 3.379196579999999700e-02 2.826840870000000075e-02
7.761925170000000263e-02 3.967963280000000315e-02 3.292830370000000145e-02
8.795633029999999630e-02 4.563444299999999676e-02 3.782523360000000084e-02
9.824466049999999728e-02 5.141400919999999930e-02 4.286070100000000105e-02
1.084958609999999990e-01 5.704070480000000137e-02 4.775021339999999809e-02
1.187196729999999978e-01 6.252595969999999448e-02 5.250040620000000213e-02
1.289243740000000082e-01 6.787940380000000162e-02 5.712262829999999875e-02
1.391170790000000046e-01 7.310922640000000472e-02 6.162677130000000086e-02
1.493039710000000075e-01 7.822244770000000291e-02 6.602155310000000499e-02
1.594915789999999944e-01 8.322442459999999931e-02 7.031382810000000316e-02
1.696856029999999904e-01 8.811979390000000689e-02 7.450982520000000442e-02
1.798886120000000033e-01 9.291417209999999760e-02 7.861725199999999858e-02
1.901044229999999946e-01 9.761155970000000293e-02 8.264190329999999973e-02
2.003364619999999929e-01 1.022154720000000017e-01 8.658913120000000241e-02
2.105878240000000068e-01 1.067290080000000002e-01 9.046392020000000589e-02
2.208629779999999876e-01 1.111537459999999977e-01 9.426958330000000108e-02
2.311664999999999970e-01 1.154906210000000016e-01 9.800888739999999433e-02
2.414974360000000098e-01 1.197440099999999980e-01 1.016887459999999965e-01
2.518579020000000224e-01 1.239158129999999997e-01 1.053132199999999991e-01
2.622511539999999863e-01 1.280067350000000104e-01 1.088851629999999931e-01
2.726834730000000095e-01 1.320148230000000034e-01 1.124047400000000030e-01
2.831510740000000026e-01 1.359453439999999957e-01 1.158801329999999963e-01
2.936553980000000119e-01 1.397994999999999932e-01 1.193150929999999971e-01
3.042059890000000100e-01 1.435718470000000024e-01 1.227067210000000047e-01
3.147968270000000013e-01 1.472688339999999874e-01 1.260646079999999947e-01
3.254305690000000029e-01 1.508899920000000006e-01 1.293912650000000053e-01
3.361143289999999895e-01 1.544308839999999905e-01 1.326856600000000108e-01
3.468409920000000146e-01 1.578985940000000032e-01 1.359580629999999901e-01
3.576215180000000271e-01 1.612849709999999992e-01 1.392044889999999868e-01
3.684482600000000274e-01 1.645973819999999865e-01 1.424356330000000059e-01
3.793304710000000024e-01 1.678285409999999978e-01 1.456490980000000046e-01
3.902612489999999767e-01 1.709850890000000068e-01 1.488550859999999976e-01
4.012515340000000208e-01 1.740576289999999915e-01 1.520503270000000129e-01
4.122927909999999918e-01 1.770541419999999977e-01 1.552464899999999870e-01
4.233929619999999838e-01 1.799674340000000095e-01 1.584430990000000039e-01
4.345510380000000006e-01 1.827983240000000120e-01 1.616466649999999949e-01
4.457652249999999872e-01 1.855483480000000018e-01 1.648644940000000003e-01
4.570389080000000215e-01 1.882138929999999932e-01 1.681005670000000063e-01
4.683758579999999783e-01 1.907905900000000099e-01 1.713591999999999893e-01
4.797726019999999925e-01 1.932811419999999891e-01 1.746502169999999965e-01
4.912302780000000202e-01 1.956834990000000107e-01 1.779808629999999892e-01
5.027497180000000121e-01 1.979956780000000083e-01 1.813593659999999941e-01
5.143313640000000131e-01 2.002158619999999944e-01 1.847951250000000045e-01
5.259751480000000035e-01 2.023425309999999921e-01 1.882989310000000027e-01
5.376803510000000008e-01 2.043746359999999984e-01 1.918832249999999906e-01
5.494454269999999863e-01 2.063118290000000021e-01 1.955624009999999968e-01
5.612738710000000353e-01 2.081475670000000056e-01 1.993502380000000129e-01
5.731597910000000295e-01 2.098857970000000128e-01 2.032677489999999976e-01
5.850990630000000303e-01 2.115282769999999868e-01 2.073376419999999887e-01
5.970921540000000416e-01 2.130706669999999914e-01 2.115845409999999871e-01
6.091310469999999810e-01 2.145185149999999930e-01 2.160414129999999877e-01
6.212066330000000081e-01 2.158784219999999865e-01 2.207474419999999882e-01
6.333083269999999487e-01 2.171583350000000079e-01 2.257503810000000000e-01
6.454182510000000539e-01 2.183752140000000119e-01 2.311104780000000081e-01
6.575117729999999661e-01 2.195545590000000102e-01 2.369034670000000065e-01
6.695515229999999818e-01 2.207389379999999957e-01 2.432253960000000104e-01
6.814817380000000036e-01 2.219966959999999934e-01 2.501969960000000048e-01
6.932182479999999813e-01 2.234379700000000135e-01 2.579644549999999814e-01
7.046361110000000094e-01 2.252366510000000099e-01 2.666848279999999849e-01
7.155751249999999786e-01 2.276269499999999946e-01 2.764929930000000202e-01
7.258574759999999459e-01 2.308840849999999889e-01 2.874223399999999984e-01
7.353538419999999798e-01 2.352239020000000125e-01 2.993437580000000153e-01
7.440398999999999763e-01 2.407048179999999871e-01 3.119933080000000247e-01
7.519895380000000129e-01 2.472239679999999884e-01 3.250833309999999754e-01
7.593208639999999843e-01 2.545970289999999747e-01 3.383886629999999784e-01
7.661493609999999732e-01 2.626351089999999777e-01 3.517690729999999877e-01
7.725718390000000380e-01 2.711778389999999761e-01 3.651385899999999851e-01
7.786611749999999832e-01 2.801023120000000199e-01 3.784563229999999834e-01
7.844690810000000125e-01 2.893195780000000217e-01 3.917087750000000090e-01
7.900426310000000507e-01 2.987563280000000154e-01 4.048722920000000225e-01
7.954093330000000517e-01 3.083659340000000082e-01 4.179532690000000161e-01
8.005944430000000445e-01 3.181101840000000180e-01 4.309497629999999857e-01
8.056172110000000552e-01 3.279610660000000233e-01 4.438635770000000091e-01
8.104957050000000107e-01 3.378951849999999868e-01 4.566930499999999893e-01
8.152426560000000100e-01 3.478965880000000066e-01 4.694416599999999828e-01
8.198651769999999450e-01 3.579561070000000234e-01 4.821180139999999836e-01
8.243803240000000532e-01 3.680575950000000152e-01 4.947131539999999883e-01
8.287897370000000263e-01 3.781991570000000080e-01 5.072392770000000439e-01
8.331017760000000161e-01 3.883740050000000221e-01 5.196967710000000018e-01
8.373287289999999938e-01 3.985730339999999927e-01 5.320802639999999695e-01
8.414715249999999980e-01 4.087967920000000199e-01 5.443983369999999544e-01
8.455364440000000537e-01 4.190419040000000206e-01 5.566516630000000188e-01
8.495291649999999750e-01 4.293058200000000046e-01 5.688411700000000071e-01
8.534548669999999504e-01 4.395866529999999939e-01 5.809679720000000547e-01
8.573183149999999975e-01 4.498830440000000097e-01 5.930333049999999551e-01
8.611239290000000102e-01 4.601940520000000201e-01 6.050384880000000409e-01
8.648758450000000320e-01 4.705190699999999837e-01 6.169848879999999536e-01
8.685779729999999477e-01 4.808577520000000272e-01 6.288738929999999616e-01
8.722340360000000459e-01 4.912099560000000031e-01 6.407069010000000508e-01
8.758527320000000227e-01 5.015723269999999845e-01 6.524807719999999867e-01
8.794340550000000478e-01 5.119474170000000157e-01 6.642002919999999699e-01
8.829805830000000411e-01 5.223360120000000162e-01 6.758676089999999803e-01
8.864960419999999841e-01 5.327381740000000088e-01 6.874837940000000369e-01
8.899919779999999614e-01 5.431491680000000155e-01 6.990438119999999866e-01
8.934635800000000350e-01 5.535745439999999462e-01 7.105557580000000373e-01
8.969163500000000289e-01 5.640133739999999563e-01 7.220193700000000492e-01
9.003601679999999607e-01 5.744622360000000150e-01 7.334314790000000528e-01
9.037898370000000403e-01 5.849267200000000111e-01 7.447998940000000179e-01
9.072186549999999849e-01 5.954015150000000478e-01 7.561193529999999940e-01
9.106428439999999513e-01 6.058913080000000173e-01 7.673965249999999960e-01
9.140718979999999938e-01 6.163931459999999474e-01 7.786292049999999909e-01
9.175058489999999844e-01 6.269094830000000451e-01 7.898214959999999563e-01
9.209525440000000396e-01 6.374384189999999784e-01 8.009726860000000448e-01
9.244115210000000138e-01 6.479826429999999693e-01 8.120872439999999859e-01
9.278931519999999988e-01 6.585389870000000201e-01 8.231634060000000419e-01
9.313926369999999677e-01 6.691124130000000170e-01 8.342082029999999815e-01
9.349262240000000279e-01 6.796967699999999502e-01 8.452171510000000554e-01
9.384868309999999658e-01 6.902981550000000244e-01 8.561986240000000192e-01
9.420841199999999693e-01 7.009139290000000466e-01 8.671521570000000345e-01
9.457226810000000095e-01 7.115441319999999958e-01 8.780802370000000412e-01
9.494014699999999696e-01 7.221915949999999640e-01 8.889882070000000303e-01
9.531317820000000385e-01 7.328530140000000248e-01 8.998756719999999598e-01
9.569133669999999592e-01 7.435308170000000105e-01 9.107479459999999749e-01
9.607478240000000280e-01 7.542264520000000472e-01 9.216095250000000405e-01
9.646444939999999635e-01 7.649376559999999659e-01 9.324617039999999468e-01
9.686047150000000050e-01 7.756660140000000148e-01 9.433095249999999821e-01
9.726291900000000323e-01 7.864133420000000152e-01 9.541583810000000554e-01
9.767222920000000475e-01 7.971797109999999575e-01 9.650122780000000011e-01
9.808924150000000175e-01 8.079633750000000392e-01 9.758738439999999903e-01
